 -40.00
 -380.00
 -377.75
 -39.87
 -39.74
 -375.52
 -39.61
 -373.29
 -39.48
 -39.35
 -371.07
 -39.22
 -39.09
 -368.86
 -38.97
 -38.84
 -366.66
 -38.71
 -364.47
 -38.58
 -362.29
 -38.45
 -360.11
 -38.33
 -357.95
 -38.20
 -38.07
 -355.79
 -37.95
 -353.64
 -37.82
 -37.69
 -351.50
 -37.57
 -349.37
 -37.44
 -347.25
 -37.31
 -345.14
 -37.19
 -37.06
 -343.04
 -340.94
 -36.94
 -338.85
 -36.81
 -336.78
 -36.69
 -334.71
 -36.56
 -332.65
 -36.44
 -330.59
 -36.31
 -328.55
 -36.19
 -326.52
 -36.07
 -324.49
 -35.94
 -322.47
 -35.82
 -320.46
 -35.70
 -318.46
 -35.57
 -316.47
 -314.49
 -35.45
 -312.51
 -35.33
 -310.54
 -35.20
 -308.58
 -35.08
 -306.63
 -34.96
 -304.69
 -34.84
 -302.76
 -34.72
 -300.83
 -34.59
 -298.92
 -34.47
 -297.01
 -34.35
 -295.11
 -293.22
 -34.23
 -291.33
 -34.11
 -289.46
 -33.99
 -287.59
 -285.73
 -283.88
 -282.04
 -33.87
 -280.20
 -278.38
 -33.75
 -276.56
 -33.63
 -274.75
 -33.51
 -272.94
 -271.15
 -33.39
 -269.36
 -33.27
 -267.59
 -33.15
 -265.81
 -33.03
 -264.05
 -32.91
 -262.30
 -260.55
 -32.80
 -258.81
 -32.68
 -257.08
 -32.56
 -255.36
 -32.44
 -253.65
 -251.94
 -32.32
 -250.24
 -32.21
 -248.55
 -246.86
 -32.09
 -245.19
 -31.97
 -243.52
 -241.86
 -31.86
 -240.21
 -31.74
 -238.56
 -236.93
 -31.62
 -235.30
 -31.51
 -233.68
 -31.39
 -232.06
 -31.27
 -230.45
 -31.16
 -228.86
 -31.04
 -227.26
 -30.93
 -225.68
 -30.81
 -224.10
 -30.70
 -222.54
 -30.58
 -220.97
 -219.42
 -30.47
 -217.87
 -30.35
 -216.33
 -30.24
 -214.80
 -30.13
 -213.28
 -30.01
 -211.76
 -29.90
 -210.25
 -29.79
 -29.67
 -208.75
 -29.56
 -207.26
 -29.45
 -205.77
 -29.33
 -204.29
 -29.22
 -202.82
 -29.11
 -201.35
 -199.89
 -29.00
 -198.44
 -197.00
 -28.89
 -195.56
 -28.77
 -194.13
 -28.66
 -192.71
 -28.55
 -28.44
 -191.30
 -28.33
 -189.89
 -28.22
 -188.49
 -187.10
 -28.11
 -185.71
 -28.00
 -184.33
 -27.89
 -27.78
 -27.67
 -182.96
 -27.56
 -181.59
 -27.45
 -180.23
 -27.34
 -178.88
 -27.23
 -177.54
 -27.13
 -176.20
 -27.02
 -174.87
 -26.91
 -173.55
 -26.80
 -172.23
 -26.69
 -170.92
 -26.59
 -169.62
 -26.48
 -168.32
 -26.37
 -167.03
 -26.27
 -165.75
 -26.16
 -164.47
 -26.05
 -163.20
 -25.95
 -161.94
 -25.84
 -160.69
 -159.44
 -25.73
 -158.19
 -25.63
 -25.52
 -156.96
 -155.73
 -25.42
 -25.31
 -154.51
 -153.29
 -25.21
 -25.10
 -152.08
 -150.88
 -25.00
 -149.69
 -24.89
 -148.50
 -147.31
 -24.79
 -146.14
 -24.69
 -144.97
 -24.58
 -143.80
 -24.48
 -142.65
 -24.38
 -141.50
 -24.27
 -140.35
 -139.22
 -24.17
 -138.09
 -24.07
 -136.96
 -135.84
 -23.96
 -134.73
 -23.86
 -133.63
 -23.76
 -132.53
 -23.66
 -131.43
 -23.56
 -130.35
 -129.27
 -23.45
 -128.19
 -23.35
 -127.12
 -23.25
 -126.06
 -23.15
 -125.01
 -23.05
 -123.96
 -22.95
 -122.91
 -22.85
 -121.87
 -22.75
 -120.84
 -22.65
 -119.82
 -22.55
 -118.80
 -22.45
 -117.79
 -22.35
 -116.78
 -22.25
 -115.78
 -22.15
 -114.78
 -113.79
 -22.05
 -112.81
 -21.96
 -111.83
 -21.86
 -110.86
 -109.90
 -21.76
 -108.94
 -21.66
 -107.98
 -21.56
 -107.04
 -21.47
 -106.09
 -105.16
 -21.37
 -104.23
 -21.27
 -103.30
 -21.18
 -102.39
 -21.08
 -101.47
 -20.98
 -100.57
 -20.89
 -99.66
 -98.77
 -20.79
 -97.88
 -20.69
 -96.99
 -20.60
 -96.11
 -20.50
 -95.24
 -20.41
 -94.37
 -93.51
 -20.31
 -92.65
 -20.22
 -91.80
 -20.12
 -90.96
 -20.03
 -90.12
 -89.28
 -19.93
 -88.45
 -19.84
 -87.63
 -19.75
 -86.81
 -19.65
 -86.00
 -19.56
 -85.19
 -19.47
 -84.39
 -19.37
 -83.59
 -19.28
 -82.80
 -19.19
 -19.09
 -82.02
 -19.00
 -81.24
 -18.91
 -80.46
 -18.82
 -79.69
 -18.73
 -78.93
 -18.63
 -18.54
 -78.17
 -18.45
 -77.41
 -18.36
 -76.66
 -18.27
 -75.92
 -18.18
 -18.09
 -75.18
 -18.00
 -74.45
 -17.91
 -73.72
 -17.82
 -73.00
 -17.73
 -72.28
 -17.64
 -71.56
 -17.55
 -70.86
 -17.46
 -70.15
 -69.45
 -68.76
 -68.07
 -67.39
 -66.71
 -66.04
 -65.37
 -64.71
 -64.05
 -17.37
 -63.40
 -17.29
 -62.75
 -17.20
 -62.10
 -17.11
 -61.46
 -17.02
 -60.83
 -16.93
 -60.20
 -16.85
 -16.76
 -59.57
 -58.95
 -16.67
 -16.59
 -58.34
 -16.50
 -57.73
 -16.41
 -57.12
 -16.33
 -56.52
 -16.24
 -55.92
 -16.15
 -55.33
 -16.07
 -54.74
 -15.98
 -15.90
 -54.16
 -15.81
 -53.58
 -15.73
 -53.01
 -15.64
 -52.44
 -15.56
 -51.88
 -15.47
 -51.31
 -15.39
 -50.76
 -15.31
 -15.22
 -50.21
 -15.14
 -49.66
 -15.06
 -49.12
 -14.97
 -48.58
 -14.89
 -48.05
 -14.81
 -47.52
 -14.72
 -46.99
 -14.64
 -46.47
 -14.56
 -45.96
 -14.48
 -45.44
 -14.40
 -44.94
 -14.31
 -44.43
 -14.23
 -14.15
 -43.93
 -14.07
 -43.44
 -42.95
 -13.99
 -42.46
 -13.91
 -41.98
 -13.83
 -41.50
 -13.75
 -41.03
 -13.67
 -40.56
 -13.59
 -40.09
 -13.51
 -39.63
 -13.43
 -13.35
 -39.17
 -13.27
 -38.72
 -13.19
 -38.27
 -13.12
 -37.82
 -13.04
 -37.38
 -12.96
 -36.94
 -12.88
 -36.51
 -12.80
 -36.08
 -35.65
 -12.73
 -35.23
 -12.65
 -34.82
 -12.57
 -34.40
 -12.50
 -12.42
 -33.99
 -33.58
 -12.34
 -33.18
 -12.27
 -32.78
 -12.19
 -32.39
 -12.11
 -32.00
 -31.61
 -12.04
 -31.23
 -11.96
 -30.85
 -11.89
 -30.47
 -30.10
 -11.81
 -29.73
 -11.74
 -29.36
 -11.66
 -29.00
 -11.59
 -28.64
 -28.29
 -11.51
 -27.94
 -11.44
 -27.59
 -11.37
 -27.24
 -11.29
 -26.90
 -11.22
 -26.57
 -11.15
 -26.23
 -25.90
 -11.07
 -25.58
 -11.00
 -25.25
 -10.93
 -24.93
 -24.62
 -10.85
 -24.30
 -10.78
 -23.99
 -23.69
 -10.71
 -23.39
 -10.64
 -23.09
 -10.57
 -22.79
 -22.50
 -10.49
 -22.21
 -10.42
 -21.92
 -10.35
 -21.64
 -21.36
 -10.28
 -21.08
 -10.21
 -20.80
 -10.14
 -10.07
 -20.53
 -10.00
 -20.27
 -9.93
 -20.00
 -9.86
 -19.74
 -9.79
 -19.48
 -9.72
 -19.22
 -9.65
 -18.97
 -9.58
 -9.51
 -18.72
 -9.45
 -18.48
 -9.38
 -18.23
 -9.31
 -17.99
 -9.24
 -17.75
 -9.17
 -17.52
 -9.11
 -17.29
 -9.04
 -17.06
 -8.97
 -8.91
 -16.83
 -16.61
 -8.84
 -8.77
 -16.39
 -8.71
 -8.64
 -16.17
 -8.57
 -15.96
 -8.51
 -15.74
 -8.44
 -15.54
 -8.38
 -15.33
 -8.31
 -15.13
 -8.25
 -8.18
 -14.92
 -8.12
 -14.73
 -8.05
 -14.53
 -7.99
 -14.34
 -7.93
 -14.15
 -7.86
 -13.96
 -7.80
 -13.77
 -7.74
 -7.67
 -13.59
 -7.61
 -13.41
 -7.55
 -13.23
 -7.48
 -13.06
 -7.42
 -12.88
 -7.36
 -12.71
 -7.30
 -7.24
 -12.55
 -7.17
 -12.38
 -7.11
 -12.22
 -7.05
 -12.06
 -6.99
 -11.90
 -6.93
 -6.87
 -11.74
 -6.81
 -11.59
 -6.75
 -11.44
 -6.69
 -11.29
 -6.63
 -11.15
 -11.00
 -6.57
 -6.51
 -10.86
 -6.45
 -10.72
 -6.39
 -10.58
 -6.33
 -10.45
 -6.28
 -10.31
 -6.22
 -10.18
 -10.06
 -6.16
 -9.93
 -6.10
 -9.80
 -6.04
 -5.99
 -9.68
 -5.93
 -9.56
 -9.44
 -5.87
 -9.33
 -5.82
 -9.21
 -5.76
 -9.10
 -5.70
 -8.99
 -8.89
 -5.65
 -8.78
 -5.59
 -8.68
 -8.57
 -5.53
 -8.47
 -5.48
 -8.37
 -5.42
 -8.28
 -5.37
 -5.31
 -5.26
 -5.20
 -5.15
 -5.09
 -5.04
 -4.99
 -4.93
 -4.88
 -4.83
 -8.18
 -8.09
 -4.77
 -8.00
 -4.72
 -7.91
 -4.67
 -7.82
 -4.61
 -7.74
 -4.56
 -7.65
 -4.51
 -7.57
 -4.46
 -7.49
 -4.41
 -7.41
 -7.34
 -4.35
 -7.26
 -4.30
 -7.19
 -4.25
 -7.11
 -4.20
 -7.04
 -6.98
 -4.15
 -6.91
 -4.10
 -6.84
 -4.05
 -6.78
 -4.00
 -6.72
 -6.65
 -3.95
 -6.59
 -3.90
 -3.85
 -6.54
 -3.80
 -6.48
 -3.75
 -6.42
 -6.37
 -3.70
 -6.32
 -3.65
 -6.27
 -6.22
 -3.61
 -6.17
 -3.56
 -6.12
 -3.51
 -6.07
 -6.03
 -3.46
 -5.99
 -5.94
 -3.41
 -5.90
 -3.37
 -5.86
 -5.82
 -3.32
 -5.79
 -5.75
 -3.27
 -5.71
 -5.68
 -3.23
 -5.65
 -3.18
 -5.62
 -5.59
 -3.13
 -5.56
 -5.53
 -3.09
 -5.50
 -3.04
 -5.47
 -5.45
 -2.99
 -5.42
 -2.95
 -5.40
 -2.90
 -5.38
 -5.35
 -2.86
 -5.33
 -2.81
 -5.31
 -2.77
 -5.29
 -2.72
 -5.27
 -2.68
 -5.26
 -2.63
 -5.24
 -2.59
 -5.22
 -2.55
 -5.21
 -5.19
 -2.50
 -5.18
 -2.46
 -5.16
 -2.42
 -5.15
 -5.14
 -2.37
 -5.13
 -2.33
 -5.12
 -2.29
 -5.11
 -2.24
 -5.10
 -2.20
 -2.16
 -5.09
 -2.12
 -5.08
 -2.08
 -5.07
 -2.03
 -1.99
 -5.07
 -1.95
 -5.06
 -1.91
 -5.05
 -1.87
 -1.83
 -5.05
 -1.79
 -5.04
 -1.75
 -5.04
 -1.71
 -5.03
 -1.67
 -5.03
 -1.63
 -5.02
 -5.02
 -1.59
 -5.02
 -1.55
 -5.01
 -1.51
 -5.01
 -1.47
 -5.01
 -1.44
 -5.01
 -1.40
 -5.01
 -1.36
 -5.01
 -1.32
 -5.00
 -1.28
 -1.25
 -5.00
 -5.00
 -1.21
 -5.00
 -1.17
 -5.00
 -1.14
 -5.00
 -1.10
 -5.00
 -5.00
 -5.00
 -1.06
 -5.00
 -1.03
 -5.00
 -0.99
 -5.00
 -0.95
 -5.00
 -5.00
 -0.92
 -0.88
 -5.00
 -0.85
 -0.81
 -0.78
 -5.00
 -0.74
 -0.71
 -5.00
 -0.67
 -5.00
 -0.64
 -0.61
 -5.00
 -0.57
 -5.00
 -0.54
 -0.51
 -5.00
 -0.47
 -5.00
 -0.44
 -5.00
 -0.41
 -0.37
 -4.99
 -0.34
 -4.99
 -0.31
 -0.28
 -4.99
 -4.99
 -0.25
 -4.99
 -0.21
 -4.99
 -0.18
 -4.98
 -0.15
 -4.98
 -0.12
 -4.98
 -0.09
 -4.97
 -0.06
 -4.97
 -0.03
 -4.96
 0.00
 -4.96
 0.03
 -4.95
 0.06
 -4.95
 -4.94
 0.09
 -4.93
 0.12
 -4.93
 -4.92
 0.15
 -4.91
 0.18
 -4.90
 -4.89
 0.21
 -4.88
 -4.87
 0.23
 -4.86
 0.26
 -4.85
 -4.84
 0.29
 -4.82
 0.32
 -4.81
 -4.79
 -4.78
 -4.76
 -4.74
 -4.73
 -4.71
 -4.69
 -4.67
 -4.65
 -4.63
 -4.60
 -4.58
 -4.55
 -4.53
 -4.50
 -4.47
 -4.44
 -4.41
 -4.38
 -4.35
 -4.32
 -4.29
 -4.25
 -4.21
 -4.18
 -4.14
 -4.10
 -4.06
 -4.01
 -3.97
 -3.93
 -3.88
 -3.83
 -3.78
 -3.73
 -3.68
 -3.63
 -3.58
 -3.52
 -3.46
 -3.41
 -3.35
 -3.28
 -3.22
 -3.16
 -3.09
 -3.02
 -2.96
 -2.89
 -2.81
 -2.74
 -2.66
 -2.59
 -2.51
 -2.43
 -2.35
 -2.26
 -2.18
 -2.09
 -2.00
 0.35
 0.37
 0.40
 0.43
 0.45
 0.48
 0.51
 0.53
 0.56
 0.59
 0.61
 0.64
 0.66
 0.69
 0.71
 0.74
 0.76
 0.79
 0.81
 0.83
 0.86
 0.88
 0.90
 0.93
 0.95
 0.97
 1.00
 1.02
 1.04
 1.06
 1.08
 1.11
 1.13
 1.15
 1.17
 1.19
 1.21
 1.23
 1.25
 1.27
 1.29
 1.31
 1.33
 1.35
 1.37
 1.39
 1.40
 1.42
 1.44
 1.46
 1.48
 1.49
 1.51
 1.53
 1.54
 1.56
 1.58
 1.59
 1.61
 1.63
 1.64
 1.66
 1.67
 1.69
 1.70
 1.72
 1.73
 1.75
 1.76
 1.77
 1.79
 1.80
 1.81
 1.83
 1.84
 1.85
 1.87
 1.88
 1.89
 1.90
 1.91
 1.93
 1.94
 1.95
 1.96
 1.97
 1.98
 1.99
 2.00
